84
64
34
26
14
56
86
54
86
72
38
22
72
62
6
98
20
18
98
26
0
66
54
98
12
74
72
32
64
20
20
6
90
20
68
22
60
44
8
82
24
28
40
44
96
28
56
28
18
18
76
84
8
40
0
16
14
76
14
44
46
66
24
64
92
74
58
74
20
54
6
2
70
42
0
74
26
50
4
44
42
26
48
20
56
54
8
4
92
96
72
36
10
0
10
12
20
74
96
44
64
52
60
60
18
96
42
22
88
74
88
30
62
4
90
28
94
80
84
60
60
32
56
62
0
26
2
24
44
42
32
18
64
50
6
82
62
94
64
92
98
84
60
54
16
50
34
40
30
0
74
62
52
8
50
16
88
64
16
76
20
62
46
38
94
66
14
16
98
52
36
82
68
58
8
32
90
92
20
30
14
6
40
36
12
12
26
90
18
34
22
12
0
14
16
96
78
24
44
22
8
56
74
2
96
34
64
70
84
96
16
14
82
4
84
32
20
10
8
26
64
52
50
48
80
28
86
68
32
88
26
4
72
74
52
92
96
24
52
46
76
26
46
56
24
82
40
56
72
10
70
8
66
50
52
86
52
86
56
96
30
58
68
28
32
56
68
70
56
10
82
86
4
78
66
30
98
64
44
40
22
42
78
8
26
8
50
54
68
80
26
24
2
48
4
44
4
38
68
0
94
22
20
42
96
6
98
14
8
74
32
36
90
54
88
20
12
8
14
2
74
46
62
48
96
18
2
74
0
10
42
96
48
24
40
94
30
94
28
52
48
46
84
20
26
78
86
72
40
12
40
22
6
64
16
2
98
8
26
92
16
34
72
72
72
96
54
78
4
48
8
40
44
26
48
14
72
72
46
82
44
56
46
44
6
18
64
94
90
52
78
36
92
14
36
60
96
42
20
62
48
46
44
80
30
60
76
64
68
26
98
4
24
94
14
56
76
92
66
86
24
38
24
42
2
94
80
94
14
10
28
16
2
16
18
4
36
62
6
34
4
26
2
98
40
8
76
2
90
68
42
48
42
94
90
26
16
62
46
60
70
38
18
96
78
54
88
16
94
24
14
92
54
10
86
30
54
42
64
88
28
72
18
68
50
98
94
54
38
48
66
10
52
66
76
98
86
56
18
98
12
