10
74
38
12
74
32
10
92
60
28
60
62
78
84
32
90
68
90
52
54
74
22
32
34
74
6
78
0
54
44
76
0
80
50
90
84
82
40
22
92
54
38
20
98
24
26
68
60
18
98
72
70
10
24
18
24
26
38
42
98
92
74
66
34
90
8
58
58
56
94
48
18
58
54
8
70
20
6
68
22
14
92
24
90
88
64
72
8
16
84
6
4
14
88
84
80
24
86
22
4
22
58
12
46
0
68
54
26
22
44
48
78
94
38
80
12
78
22
84
12
64
4
96
2
54
94
36
16
88
44
80
36
82
84
60
78
62
32
14
0
98
6
24
66
42
82
16
30
34
14
10
60
24
90
48
80
6
88
64
28
32
60
12
80
28
68
86
24
96
94
52
44
98
48
82
24
52
40
46
42
12
8
38
16
90
56
28
8
18
4
98
84
6
36
38
66
34
50
56
98
68
30
74
78
56
92
26
64
72
80
30
4
2
0
96
84
44
72
30
16
94
64
4
78
4
80
4
72
70
48
2
50
70
26
34
88
34
2
26
46
24
24
8
2
30
44
56
96
32
22
24
94
6
70
70
26
74
14
84
76
94
72
18
56
66
60
16
34
0
50
22
44
20
44
28
74
0
86
26
32
96
74
60
20
36
72
56
12
30
74
44
62
26
10
46
10
56
82
28
8
76
24
30
70
48
42
10
82
82
74
54
12
88
90
76
62
8
78
28
96
64
56
22
14
96
38
4
76
64
92
76
18
38
16
84
80
0
22
92
68
56
12
8
26
8
52
26
66
10
30
0
32
8
70
24
36
22
40
76
40
10
38
96
14
42
40
94
36
36
88
14
82
72
70
62
34
38
22
42
90
10
48
68
74
76
14
24
70
10
90
66
46
38
12
48
30
60
28
30
58
66
52
8
4
94
40
82
68
80
62
12
72
8
4
28
34
6
74
40
84
28
36
36
82
86
58
52
74
26
16
66
4
48
22
88
80
58
58
30
44
22
94
62
64
86
94
70
46
70
2
0
50
68
82
22
56
96
42
60
22
98
36
62
92
98
2
62
68
54
44
72
8
76
14
44
6
8
68
70
54
4
36
2
98
10
88
34
80
88
14
94
50
60
48
94
62
34
56
22
50
44
62
66
60
88
