4
458
60
488
398
432
232
50
118
458
232
26
272
398
298
40
316
294
286
462
170
130
86
430
34
108
164
456
184
492
58
10
204
136
46
418
26
18
452
424
20
62
196
464
34
310
32
200
234
440
384
96
208
350
396
472
162
318
474
170
40
172
110
66
314
116
390
492
254
146
422
302
194
136
12
440
316
416
96
158
266
334
122
90
18
96
248
12
380
176
484
14
260
234
322
52
398
338
338
252
160
348
200
482
480
78
464
456
190
222
228
186
28
2
302
98
434
64
456
174
28
382
308
152
60
330
400
0
484
124
248
318
14
252
12
160
318
218
26
316
432
80
128
226
432
148
440
64
128
234
226
42
50
84
158
384
384
490
180
288
122
432
174
446
314
492
460
482
186
318
146
194
390
462
252
462
426
474
6
344
480
382
352
304
222
8
178
212
82
162
430
272
178
230
380
150
156
102
410
384
232
200
274
376
22
488
470
486
372
324
230
466
422
294
476
470
278
224
382
434
34
26
444
78
362
356
210
204
138
470
20
282
278
64
164
254
182
88
480
294
324
136
50
76
428
482
18
290
86
498
484
232
20
314
434
328
312
40
418
270
478
230
492
420
142
122
174
62
474
8
192
346
268
12
102
468
492
264
350
208
122
302
400
426
494
410
140
148
218
148
56
480
8
14
334
358
16
50
460
340
286
50
96
222
258
172
158
232
84
462
494
44
136
222
456
68
202
56
126
372
320
368
264
362
464
124
246
304
308
24
52
412
130
114
144
206
264
204
122
208
450
448
378
298
464
44
196
422
474
330
242
64
72
352
4
36
90
444
452
160
480
360
20
470
72
30
242
438
88
496
334
348
288
496
410
72
382
234
346
184
270
68
14
236
100
98
444
30
184
110
22
56
416
266
172
108
228
312
106
132
340
294
388
86
36
88
398
194
206
206
470
292
164
280
42
338
288
96
288
276
350
280
134
368
284
210
316
160
132
412
184
258
402
300
338
58
204
72
138
176
334
282
324
372
294
232
236
30
166
338
26
36
438
304
478
0
272
298
44
446
80
264
152
412
208
326
482
474
136
64
194
62
10
322
224
104
212
392
430
90
90
34
280
264
498
348
174
492
14
194
276
258
494
276
490
62
250
170
354
170
136
176
10
484
400
482
462
138
456
184
86
134
248
34
146
342
340
406
34
222
74
330
162
352
434
96
216
494
66
150
316
146
436
366
90
438
486
20
302
286
276
22
150
164
64
386
364
16
362
264
168
28
192
156
174
38
444
12
56
354
192
410
10
382
22
142
408
222
108
204
444
266
484
108
468
230
428
298
272
38
0
184
122
332
14
128
432
76
378
214
356
424
426
450
396
176
188
298
362
400
94
86
290
196
178
466
80
350
70
348
14
228
486
124
166
84
390
312
44
98
434
376
320
226
280
422
258
438
112
132
40
484
66
72
136
358
300
242
332
356
224
46
244
398
86
62
84
420
238
488
84
476
390
362
194
478
258
486
66
406
220
46
310
38
54
368
158
360
52
442
104
388
4
206
308
412
52
334
480
424
442
306
426
494
372
426
20
36
496
16
340
396
324
418
378
448
120
444
250
166
6
426
156
308
322
304
230
10
56
0
220
226
338
382
416
160
216
360
356
112
118
394
10
280
164
58
146
70
34
352
364
60
216
10
164
132
22
442
244
448
52
368
264
482
348
318
90
116
18
164
28
118
148
260
278
490
150
102
278
14
248
340
288
152
158
298
388
476
112
278
178
130
8
402
474
174
248
192
362
98
348
130
32
414
328
316
248
162
32
126
88
340
252
28
294
422
318
192
112
242
138
234
392
442
376
38
452
374
390
32
130
120
338
470
452
160
350
100
122
62
178
486
374
454
366
420
196
316
14
256
76
474
4
94
100
452
96
306
476
142
244
486
126
164
406
6
262
30
230
86
450
342
94
318
120
158
2
216
370
282
284
456
242
472
330
346
352
234
18
376
146
488
406
120
10
160
216
280
158
310
74
342
166
154
124
306
426
110
182
318
258
278
416
274
484
408
124
180
116
36
86
142
70
48
378
270
84
94
346
392
184
154
120
240
422
42
296
148
188
294
6
54
122
212
42
56
108
464
116
8
192
432
190
230
438
202
254
438
252
66
120
436
444
442
490
202
110
192
132
258
0
220
312
392
172
406
162
400
254
188
114
334
96
128
208
232
384
60
454
44
122
252
288
74
178
10
164
374
26
138
54
104
352
390
44
410
70
18
14
448
338
388
446
238
400
238
486
370
30
94
102
476
114
430
24
148
198
374
216
458
88
246
284
360
460
58
404
302
72
180
204
344
108
280
246
492
406
428
128
354
90
222
118
120
284
108
16
440
414
236
80
312
166
118
174
482
370
96
104
316
220
116
458
354
80
158
396
256
274
194
396
428
26
10
214
218
378
58
120
22
212
438
438
30
20
366
330
94
300
216
72
94
98
410
24
172
498
438
490
422
316
188
114
312
392
214
456
390
4
260
178
232
380
420
288
216
232
198
220
372
392
484
124
454
470
80
332
240
426
62
116
118
328
142
278
314
324
480
262
78
302
58
474
82
244
16
68
450
294
272
304
178
436
192
320
32
370
8
54
400
196
432
420
242
198
120
92
154
460
98
332
348
362
104
72
350
288
424
220
434
334
32
270
356
438
40
96
278
368
14
492
216
222
234
50
354
310
314
306
198
324
236
228
294
428
316
4
328
130
262
180
144
498
322
132
56
32
466
74
60
154
164
50
78
182
304
154
104
466
72
88
34
214
130
308
88
456
142
198
248
108
238
30
350
24
268
274
472
296
320
120
136
38
422
46
252
98
16
252
36
116
282
288
148
324
292
130
252
438
454
350
352
386
266
14
292
238
66
258
0
14
18
150
10
290
34
478
168
282
82
204
50
122
418
282
314
346
36
14
8
88
110
428
18
214
298
80
490
342
336
14
418
362
162
32
386
60
232
376
398
124
388
294
464
8
166
468
214
108
312
268
156
178
392
44
316
270
26
498
110
210
356
180
448
48
466
332
114
74
184
214
276
464
440
62
146
120
148
212
22
120
100
324
266
346
22
172
82
92
460
12
284
330
462
262
216
138
426
172
418
178
250
192
376
186
98
310
382
166
400
490
4
420
90
454
86
498
370
262
294
38
72
452
188
172
470
210
162
58
16
354
50
314
282
416
178
28
326
450
200
132
192
180
430
190
136
160
52
378
164
22
400
480
216
316
232
462
152
188
188
186
454
284
80
286
188
68
30
42
88
102
30
136
98
340
218
56
82
306
150
162
166
428
96
232
32
196
242
248
356
276
202
212
222
144
218
172
62
60
312
190
154
378
206
434
44
94
468
128
180
94
380
164
220
164
208
234
418
6
414
466
406
384
182
14
358
498
352
12
120
136
248
94
266
186
478
204
120
0
206
138
230
62
450
292
242
130
112
366
290
470
42
142
174
420
216
412
216
178
92
38
186
434
204
298
148
122
4
412
154
412
414
354
318
246
198
20
238
78
404
452
152
370
124
172
22
280
282
158
290
264
424
252
222
176
140
466
226
440
330
72
364
394
72
388
10
144
114
316
292
280
186
174
374
18
472
396
306
224
36
50
232
352
348
208
322
282
6
32
234
154
158
86
366
164
20
494
294
288
246
334
444
390
270
336
446
22
34
462
84
156
434
248
398
370
182
58
330
460
114
38
354
120
370
368
248
178
140
112
250
36
442
324
200
82
368
396
406
396
426
132
58
28
116
484
384
498
490
274
286
480
82
232
108
388
396
464
344
182
454
442
178
358
16
100
4
490
16
198
346
334
220
108
46
26
380
164
242
226
488
98
56
112
140
314
264
498
250
106
90
264
420
10
308
264
266
316
100
244
402
304
122
450
56
306
354
478
466
430
38
390
384
360
272
346
58
226
164
372
430
188
240
274
230
8
436
272
272
194
176
64
62
62
112
336
124
394
390
322
370
218
390
290
418
424
424
348
16
142
392
74
376
152
218
14
214
490
306
28
40
402
64
136
354
142
230
4
374
374
346
168
174
284
126
298
154
360
16
78
50
362
56
304
344
122
68
190
424
486
14
56
120
470
412
84
418
134
114
330
394
14
164
10
114
212
0
94
368
426
440
478
320
434
386
482
74
402
118
282
234
320
72
178
244
132
414
48
456
458
234
484
268
344
178
228
258
28
388
196
400
254
262
372
120
374
112
338
438
350
24
114
76
356
58
186
424
352
44
34
4
420
434
366
468
318
172
280
202
126
310
348
210
312
416
380
120
392
200
424
0
10
122
322
168
154
194
56
194
0
44
274
222
204
170
240
122
314
396
62
166
404
490
262
86
280
176
426
94
24
492
492
454
130
460
254
454
434
140
56
470
80
428
62
246
16
190
418
132
142
334
78
96
226
206
290
298
372
378
250
274
210
266
382
340
436
480
322
64
352
56
480
282
180
370
222
134
240
180
46
36
476
404
320
418
82
308
382
254
376
32
172
206
368
468
340
394
456
346
302
262
106
200
426
340
442
10
350
420
154
460
222
150
470
232
82
250
104
278
238
390
396
482
88
94
266
40
224
42
42
178
60
346
166
12
90
20
478
358
58
424
26
40
274
160
408
498
456
254
68
14
460
396
380
302
68
160
32
494
166
484
112
384
488
340
176
154
80
136
460
60
310
126
384
86
452
38
488
84
40
478
490
272
92
110
230
72
374
224
4
114
84
48
416
400
84
284
114
420
248
236
332
88
470
194
352
70
412
174
120
458
328
434
260
336
254
30
184
376
162
110
372
356
0
210
206
138
314
54
376
170
188
58
234
234
52
456
140
354
106
90
172
486
228
464
174
116
336
72
386
488
276
444
422
214
402
142
244
324
164
194
408
294
166
466
66
70
298
338
378
468
26
464
134
354
108
44
286
224
482
284
36
232
410
96
252
342
32
380
258
340
134
190
116
370
48
202
362
222
360
404
74
158
236
58
428
312
34
320
464
450
70
136
44
274
290
118
358
70
270
154
378
206
216
220
248
372
64
190
120
122
200
188
262
302
28
488
330
438
336
484
30
246
98
238
408
368
426
430
466
354
224
22
320
20
464
374
234
140
346
412
444
488
114
34
378
248
380
474
444
474
284
456
464
286
74
16
140
136
288
432
400
242
472
374
412
38
162
290
334
292
218
458
426
156
162
222
376
74
248
472
446
16
6
380
134
456
334
456
374
136
248
436
180
176
256
352
388
466
280
22
368
58
80
242
232
446
224
240
368
432
278
10
52
172
220
104
248
210
132
56
432
180
352
334
226
294
220
380
350
64
358
30
66
102
62
376
276
32
112
54
74
486
462
60
434
328
452
36
354
112
24
122
426
330
218
62
424
100
198
46
384
108
180
246
450
348
314
58
442
38
54
40
310
300
332
42
402
476
438
496
32
414
366
190
422
256
170
428
186
164
148
110
486
54
228
336
444
482
454
304
422
286
266
286
214
438
150
138
482
90
138
0
74
220
406
22
226
380
210
266
384
18
36
302
358
440
430
200
82
142
